lastAccountName: Strauss
timestamps:
  login: 1595839786581
  logout: 1595840377020
ipAddress: 192.168.1.1
lastlocation:
  world: world
  x: 305.85959614709424
  y: 63.0
  z: -99.9170364315896
  yaw: 184.59508
  pitch: 26.850302
