lastAccountName: DarkSpartan98
timestamps:
  login: 1595838308501
  logout: 1595838378098
ipAddress: 192.168.1.1
lastlocation:
  world: world_nether
  x: 1960.4715425041697
  y: 47.0
  z: -1029.1926855083248
  yaw: -9.634716
  pitch: 8.699975
