lastAccountName: DarkSpartan98
timestamps:
  login: 1595839822442
  logout: 1595840377025
ipAddress: 192.168.1.1
lastlocation:
  world: world
  x: 281.0016877834879
  y: 64.0
  z: -108.15396269992937
  yaw: 181.65082
  pitch: 48.300514
